Epoch:20
mAP: 0.21442831788178765
AP_50: 0.32983286547597124
AP_75: 0.2247190092148359
AP_small: 0.06648565153405143
AP_m: 0.2194356915766659
AP_l: 0.3447096617957776
Epoch:10
mAP: 0.20130406577102464
AP_50: 0.31173293486042475
AP_75: 0.21136803792010464
AP_small: 0.060387400865456325
AP_m: 0.2025626925888161
AP_l: 0.32540125775205175
