Epoch:20
mAP: 0.21442831788178765
AP_50: 0.32983286547597124
AP_75: 0.2247190092148359
AP_small: 0.06648565153405143
AP_m: 0.2194356915766659
AP_l: 0.3447096617957776
