Epoch:20
mAP: 0
AP_50: 0
AP_75: 0
AP_small: 0
AP_m: 0
AP_l: 0
Epoch:40
mAP: 0.24353735717348884
AP_50: 0.37304396768044196
AP_75: 0.25326271649399024
AP_small: 0.0725314773305192
AP_m: 0.252985145325835
AP_l: 0.3906425995191174
Epoch:20
mAP: 0.21377281457559089
AP_50: 0.3279419066770249
AP_75: 0.22225519372867383
AP_small: 0.06892950804448529
AP_m: 0.2221389774728643
AP_l: 0.3403344579519621
